-0.69592627  2.23803925 -0.17959029  0.22738797  0.21106631 -1.18424185
  -0.48461897 -1.46881385  0.44906065 -0.0106335 
 -0.69592627 -0.14077002  0.99550668 -0.91134235  0.43479659  1.14038104
  -1.09616195 -2.10690511  1.02955369  0.64192742
  0.09163442  0.18361307 -0.88464848 -1.38581332  0.21106631  0.55922532
  -1.09616195 -0.83072259  0.44906065  0.52327998
  0.61667488 -1.87081312 -0.88464848 -0.72155396 -0.01266398  0.55922532
  -0.48461897 -0.19263132 -1.29241847 -0.30725209
  1.40423557  0.29174076  1.46554547 -0.81644816  0.32293145  0.55922532
   1.35000999  0.44545994  0.44906065  0.8792223 
 -0.17088581 -0.57328079 -0.64962908  0.51207055 -0.01266398  1.14038104
   1.35000999 -0.19263132  1.02955369 -0.18860466
  0.87919511 -0.3570254   0.0554291   0.60696475  0.43479659 -0.60308613
  -0.48461897  1.0835512   1.02955369 -0.42589953
  0.61667488 -1.11391926 -1.11966787 -0.1521888   0.09920116  0.55922532
  -0.48461897  1.0835512   0.44906065 -0.42589953
 -0.69592627  1.26489    -0.17959029 -0.34197719  0.21106631 -1.76539757
   0.738467   -0.83072259 -1.29241847  0.8792223 
  0.87919511 -0.03264232 -2.29476484  0.89164733  0.32293145 -0.60308613
  -1.09616195 -0.83072259 -0.13143239  0.70125114
  0.09163442 -0.03264232  1.46554547 -0.91134235  0.43479659  1.14038104
   0.738467   -0.19263132  1.02955369 -0.54454697
  0.61667488 -0.68140849 -0.41460969  0.13249378 -0.01266398  1.14038104
  -1.09616195  1.0835512  -1.8729115  -0.42589953
  0.09163442  1.26489     0.0554291  -0.34197719 -0.01266398  1.14038104
  -1.09616195 -0.19263132 -1.29241847  0.76057486
 -0.69592627 -1.00579157  0.2904485   1.65080088 -0.01266398  1.14038104
   0.738467   -0.19263132 -0.13143239  1.23516461
  0.35415465 -0.03264232  0.0554291  -0.91134235 -0.34825941  1.14038104
   1.35000999 -0.19263132  0.44906065  0.04869022
  0.61667488  0.72425153  0.2904485   0.60696475 -0.23639426  0.55922532
  -1.70770494  1.0835512   1.02955369 -0.48522325
 -0.69592627  1.48114539 -1.35468726  0.98654152 -0.01266398 -1.76539757
   0.12692402  1.0835512   1.61004673  0.5826037 
  0.87919511  0.39986845  0.99550668  0.13249378 -0.01266398 -0.0219304
  -1.09616195 -1.46881385 -0.71192543 -1.19710789
 -1.22096673 -2.08706851  0.52546789 -0.24708299 -0.12452912  0.55922532
  -1.09616195  1.0835512  -1.29241847 -0.18860466
  0.87919511  0.29174076  0.52546789  0.22738797 -0.01266398 -1.76539757
   1.35000999  1.0835512  -0.13143239  0.34530882
 -0.9584465  -0.14077002  0.52546789 -0.05729461 -0.34825941 -0.60308613
   1.35000999  1.0835512  -0.71192543 -0.72251813
 -1.22096673 -1.43830234  0.2904485   0.22738797  0.09920116 -1.18424185
  -1.09616195  1.0835512   0.44906065 -1.19710789
 -0.17088581 -2.1951962  -0.41460969  0.03759959  0.43479659 -0.60308613
   1.35000999  0.44545994 -0.71192543 -0.18860466
  0.35415465  0.50799615  1.46554547 -0.53176558  0.21106631  0.55922532
   0.12692402  0.44545994  0.44906065 -0.36657581
 -1.48348697  0.50799615  0.0554291   0.03759959  0.21106631 -1.76539757
  -1.09616195  1.0835512  -1.29241847  0.70125114
 -0.17088581 -2.73583467  0.2904485   0.13249378 -0.01266398 -1.76539757
   0.12692402  1.0835512   1.02955369  0.2859851 
  0.35415465  0.18361307  0.76048729 -0.34197719 -0.01266398 -1.18424185
   0.12692402 -1.46881385 -1.8729115   0.2859851 
  0.35415465 -1.33017465  0.52546789  0.60696475  0.32293145 -0.60308613
   0.12692402 -0.19263132 -0.13143239 -0.36657581
  2.71683673  1.26489     1.23052607  0.79675313  0.21106631  1.14038104
  -0.48461897 -0.83072259 -0.71192543 -0.12928094
  1.66675581  0.94050692 -0.41460969  0.32228217  0.32293145 -0.0219304
   1.35000999 -0.83072259 -1.29241847  0.2859851 
  0.09163442 -0.03264232 -1.35468726 -6.51009977  0.09920116  0.55922532
   1.35000999  1.0835512  -1.29241847  0.64192742
  1.14171534 -0.57328079 -0.17959029 -0.24708299  0.43479659  1.14038104
  -1.70770494 -0.83072259 -0.71192543 -0.54454697
  0.35415465  1.26489    -0.88464848 -0.05729461  0.21106631  0.55922532
   0.738467    0.44545994  1.02955369  0.2859851 
 -0.69592627 -1.54643004 -1.35468726  0.41717636  0.21106631  1.14038104
   0.12692402 -1.46881385 -1.29241847  1.47245949
  0.87919511  0.39986845  0.2904485  -1.29091912  0.21106631 -0.60308613
   0.738467    1.0835512  -0.13143239 -0.42589953
 -1.48348697 -0.4651531   0.2904485  -0.81644816  0.21106631 -0.60308613
   0.12692402 -1.46881385  1.61004673  0.99786974
  1.40423557  0.29174076  1.23052607 -0.62665977  0.21106631  0.55922532
   0.12692402 -0.19263132 -0.71192543  0.46395626
 -0.69592627 -0.03264232 -0.17959029  1.55590668 -0.01266398  0.55922532
  -0.48461897  1.0835512  -0.13143239 -0.54454697
 -0.43340604  0.18361307  1.46554547 -1.00623654 -0.12452912 -0.0219304
   1.35000999 -0.83072259  0.44906065 -0.42589953
  0.87919511  0.39986845  1.46554547  0.79675313 -0.01266398  1.14038104
   0.12692402  1.0835512  -0.71192543 -0.60387069
  0.61667488  1.04863462  0.2904485  -1.29091912 -0.01266398 -0.60308613
  -0.48461897 -1.46881385  0.44906065  1.05719346
  0.09163442  0.07548537 -0.64962908  0.22738797  0.21106631 -1.18424185
   0.12692402 -2.10690511 -0.13143239  1.53178321
  0.35415465 -1.65455773 -0.64962908 -0.1521888   0.32293145  0.55922532
  -0.48461897  0.44545994  0.44906065  0.64192742
  1.40423557 -0.68140849  1.23052607  0.41717636  0.21106631 -0.0219304
  -0.48461897 -0.19263132  1.61004673  1.59110693
  0.87919511 -0.3570254   0.52546789  1.08143572 -0.46012455 -0.0219304
  -1.09616195 -0.83072259 -1.8729115   0.64192742
 -0.69592627 -0.3570254   0.99550668 -0.53176558  0.09920116  1.14038104
  -1.09616195 -1.46881385 -0.71192543  1.17584089
  0.35415465 -0.14077002  0.0554291   0.98654152  0.21106631  1.14038104
  -1.09616195  1.0835512   0.44906065  0.10801394
  0.09163442  1.58927309 -0.64962908 -0.53176558  0.09920116 -1.18424185
  -1.09616195  1.0835512  -0.13143239 -2.97681948
  1.14171534 -0.3570254  -0.41460969 -0.24708299  0.09920116  1.14038104
  -0.48461897  1.0835512  -0.71192543  0.52327998
 -0.43340604  0.72425153  0.76048729 -0.34197719  0.43479659 -1.76539757
   1.35000999 -0.19263132 -0.71192543 -0.30725209
  0.35415465  1.48114539 -0.41460969  0.03759959 -0.12452912  0.55922532
   0.12692402 -1.46881385  0.44906065  0.64192742
  0.09163442 -0.03264232  0.76048729 -0.81644816 -0.23639426 -1.18424185
   0.12692402 -0.19263132 -0.13143239 -0.54454697
  0.35415465 -1.22204696 -0.17959029 -0.81644816 -0.23639426 -1.76539757
  -1.09616195  0.44545994 -1.8729115   1.47245949
  0.09163442 -0.68140849  0.99550668  0.70185894  0.21106631 -1.18424185
   1.35000999  0.44545994 -0.71192543  0.46395626
  1.14171534 -0.03264232  0.99550668 -1.19602493  0.09920116 -0.0219304
   1.35000999  0.44545994  1.02955369 -0.18860466
 -0.9584465   0.29174076 -1.58970666  0.60696475  0.21106631  1.14038104
  -1.09616195  1.0835512   0.44906065  0.76057486
  0.09163442 -0.57328079  0.2904485   0.51207055 -0.01266398 -0.0219304
   0.12692402  1.0835512   0.44906065  1.05719346
 -0.9584465   0.07548537 -0.17959029 -0.24708299 -0.23639426 -0.60308613
   0.738467    0.44545994  1.61004673  0.2859851 
 -0.69592627  0.72425153  0.76048729  0.89164733 -0.23639426  0.55922532
  -1.09616195  0.44545994  1.02955369 -0.54454697
  0.35415465  0.50799615  0.2904485   0.13249378  0.09920116 -1.18424185
  -0.48461897  1.0835512   0.44906065 -0.12928094
  0.09163442  0.50799615  0.52546789  0.13249378  0.32293145  1.14038104
   1.35000999 -1.46881385 -0.71192543 -0.48522325
  0.87919511  0.83237923  0.2904485   0.79675313  0.54666174  0.55922532
  -1.09616195  1.0835512  -0.13143239  0.46395626
  0.35415465 -1.00579157  0.76048729  0.22738797 -0.01266398 -0.60308613
   0.738467    1.0835512   0.44906065  0.93854602
  0.09163442  0.72425153 -0.88464848 -0.1521888  -0.12452912  1.14038104
  -1.09616195 -0.83072259 -1.29241847 -1.37507905
  1.66675581 -0.03264232 -0.41460969  0.79675313  0.09920116 -1.18424185
  -1.09616195  1.0835512  -0.71192543  0.76057486
  1.40423557  0.07548537 -2.76480363  0.03759959 -0.01266398  1.14038104
  -1.70770494  1.0835512  -0.13143239  0.22666138
 -2.00852743  1.3730177  -0.17959029 -0.24708299  0.32293145  0.55922532
  -0.48461897  1.0835512  -0.71192543 -0.30725209
 -1.48348697  1.26489    -1.11966787  0.89164733 -0.46012455  0.55922532
  -0.48461897  0.44545994  1.61004673 -0.24792838
 -0.43340604  0.61612384  1.46554547 -0.05729461 -0.23639426  0.55922532
  -1.09616195 -0.19263132  1.02955369 -0.42589953
 -0.69592627  1.04863462 -0.64962908 -0.34197719  0.32293145  1.14038104
   0.12692402 -0.83072259  1.02955369  0.04869022
  0.87919511 -0.89766387 -1.11966787 -0.24708299 -0.23639426  1.14038104
   1.35000999 -1.46881385 -0.71192543  0.70125114
 -1.22096673 -0.14077002 -0.88464848  0.03759959  0.32293145  0.55922532
  -1.70770494  1.0835512  -1.29241847  0.70125114
  1.14171534 -1.33017465 -0.64962908  0.51207055  0.32293145  0.55922532
  -0.48461897 -2.10690511 -0.13143239  0.10801394
 -0.17088581  0.50799615  0.2904485   0.32228217  0.43479659  1.14038104
   0.12692402  0.44545994  0.44906065  0.76057486
 -0.69592627  0.83237923  0.0554291   0.13249378  0.21106631 -1.76539757
   1.35000999  0.44545994  1.02955369 -0.42589953
 -0.17088581 -1.22204696 -0.64962908  1.3661183   0.32293145  1.14038104
  -1.09616195 -1.46881385  1.61004673  0.64192742
  0.35415465  0.94050692 -2.05974545  1.84058926  0.32293145  0.55922532
   0.738467    0.44545994  1.02955369 -0.48522325
  0.09163442  0.83237923 -0.17959029  0.51207055 -0.12452912 -1.18424185
   0.12692402  0.44545994  0.44906065  0.2859851 
 -0.9584465   1.69740078 -0.17959029 -0.34197719  0.43479659  1.14038104
  -1.09616195 -1.46881385 -0.71192543  0.34530882
 -2.27104766  0.61612384 -0.64962908 -0.72155396 -9.96866169 -0.0219304
   1.35000999 -1.46881385 -0.13143239 -0.72251813
 -0.17088581 -1.11391926  0.52546789 -2.42964945 -0.01266398 -0.60308613
  -0.48461897  0.44545994  1.61004673 -0.06995722
  0.09163442 -0.57328079  0.2904485   1.46101249 -0.01266398 -1.18424185
   0.738467    0.44545994 -1.29241847  0.10801394
 -0.9584465  -1.76268543 -0.41460969 -1.19602493 -0.01266398 -1.18424185
   1.35000999 -0.19263132 -1.29241847 -0.24792838
  0.61667488  1.15676231  0.76048729  0.41717636 -0.23639426 -0.0219304
   0.738467    1.0835512  -1.29241847  0.40463254
  0.87919511  0.50799615 -0.88464848 -0.34197719 -0.12452912 -1.76539757
   1.35000999  1.0835512   1.61004673 -3.39208551
 -2.27104766 -0.68140849  0.2904485   0.41717636 -0.12452912  1.14038104
   1.35000999 -0.19263132 -0.13143239  0.76057486
  0.61667488  1.58927309 -0.17959029  0.89164733  0.32293145 -0.60308613
  -0.48461897  1.0835512   1.02955369 -0.12928094
 -1.48348697  0.50799615 -2.05974545  1.46101249  0.21106631  1.14038104
  -1.09616195 -0.83072259  0.44906065  0.5826037 
  1.40423557  0.29174076 -0.88464848  0.70185894 -0.12452912  1.14038104
   1.35000999 -1.46881385 -0.71192543 -0.48522325
 -0.69592627  0.83237923  0.52546789  0.32228217 -0.01266398 -0.60308613
   1.35000999 -0.83072259  0.44906065 -3.33276179
 -0.9584465   1.58927309  2.64064244  0.32228217  0.32293145 -1.18424185
  -1.09616195 -0.19263132 -1.8729115  -0.72251813
  0.35415465 -2.51957928 -0.17959029 -0.72155396 -0.57198969 -1.18424185
   1.35000999  1.0835512   0.44906065  0.40463254
 -0.43340604  0.50799615  1.46554547  0.32228217  0.21106631 -1.76539757
   1.35000999  0.44545994  1.61004673 -1.01913673
 -2.00852743 -0.24889771 -1.58970666  0.79675313  0.21106631  0.55922532
   1.35000999  1.0835512  -0.71192543  0.40463254
 -0.9584465  -0.89766387 -0.41460969  0.60696475  0.43479659  1.14038104
  -0.48461897  1.0835512  -1.8729115  -3.57005667
 -3.32112858 -0.24889771  0.52546789 -0.62665977  0.21106631 -1.18424185
   1.35000999 -0.19263132  1.02955369  1.41313577
  2.19179627 -0.24889771 -0.41460969  0.60696475 -0.12452912 -0.60308613
  -1.09616195  0.44545994  0.44906065  1.29448833
 -0.69592627 -1.97894081 -0.17959029  2.12527185  0.43479659 -0.60308613
   0.738467   -1.46881385  0.44906065 -0.54454697
  0.09163442 -0.14077002  1.46554547 -0.43687138 -0.12452912  0.55922532
   0.12692402 -0.83072259 -1.29241847  0.93854602
 -0.9584465  -0.14077002  1.93558426  0.89164733  0.32293145  1.14038104
   0.738467    1.0835512   1.61004673  0.64192742
  1.40423557 -0.14077002 -2.05974545 -0.05729461  0.21106631  1.14038104
  -0.48461897 -1.46881385  1.61004673 -0.42589953
  0.09163442  1.91365617  0.2904485  -1.57560171 -0.01266398 -1.18424185
  -1.09616195  0.44545994 -1.29241847  0.64192742
 -0.9584465  -0.78953618 -0.41460969 -0.91134235  0.32293145 -0.0219304
  -1.70770494 -2.10690511  1.02955369  0.2859851 
  0.35415465 -0.57328079 -1.35468726 -0.05729461 -0.23639426  1.14038104
  -1.09616195 -0.19263132  0.44906065 -3.80735155
  0.61667488 -0.03264232 -0.64962908 -0.34197719 -0.01266398 -0.60308613
   0.738467    0.44545994 -0.13143239 -0.48522325
  0.61667488 -0.14077002  2.87566184 -0.24708299  0.21106631 -0.60308613
   1.35000999 -0.19263132  0.44906065 -0.72251813
