[[ 42.  43.  52.]
 [106. 104.   3.]
 [  2. 106.  81.]
 [ 38.  13.  50.]
 [ 32.  36.  57.]
 [ 16.  12.  88.]
 [ 62.  89.  27.]
 [ 43.  48.  20.]
 [ 28.  51.  31.]
 [ 99.  46.  93.]
 [ 16.  72.  25.]
 [ 20.  50.  41.]
 [ 30.  81.  66.]
 [ 35.  73.  88.]
 [ 12.   6.  40.]
 [ 61.  48.  71.]
 [ 80.  77.  62.]
 [107.  66.  92.]
 [ 13.  50.  41.]
 [ 56.  51.  77.]
 [ 85.  56.  24.]
 [ 49.  87.  89.]
 [ 85.  56.  22.]
 [ 76.  12.  32.]
 [ 67. 105.  54.]
 [ 65.  94.   7.]
 [ 10.  31. 101.]
 [ 24.  85.  84.]
 [ 66.  81.  14.]
 [ 28.  10. 101.]
 [  5.  36.  25.]
 [ 66.  30.  14.]
 [ 57.  12.  25.]
 [ 15. 101.  73.]
 [108.  22.  53.]
 [ 42.  45. 106.]
 [  4. 101.  14.]
 [ 97.  41.  48.]
 [109.  57.  16.]
 [ 97.  13.  20.]
 [ 37.  43. 106.]
 [ 42.  28.  10.]
 [  8.  20.  48.]
 [106.  83.  37.]
 [101.  30.  14.]
 [ 35.  81. 101.]
 [ 68.  58.  17.]
 [ 89.  62.  23.]
 [ 13.  74.  20.]
 [ 21.  56.  53.]
 [ 72.  81.   2.]
 [ 51.  36.  80.]
 [ 26.  67. 105.]
 [ 85.  21.  24.]
 [ 40. 109.  60.]
 [ 68.  48.  64.]
 [ 65.  54.  94.]
 [ 83.  77.  57.]
 [ 17.  71.  70.]
 [ 89.   7.  80.]
 [ 91.  73.  88.]
 [ 74.  68.  58.]
 [ 94.  59.  27.]
 [ 30.  33.  14.]
 [ 26.  54.  99.]
 [ 58.  64.  48.]
 [ 41.  97.  39.]
 [ 61.  71.  17.]
 [ 61.  17.  70.]
 [104.  12.   2.]
 [ 91.  35.  63.]
 [ 64.  13.  50.]
 [  2.  33.  30.]
 [ 25.  50.  69.]
 [ 21.  80.  60.]
 [104.   2. 106.]
 [107.  70.  87.]
 [ 62.  18.  77.]
 [ 30.  14.  66.]
 [ 16.  40.  91.]
 [ 60.  57.   7.]
 [ 56.  22.  85.]
 [ 24.  56.  22.]
 [ 22.  96. 105.]
 [ 95.  92.  23.]
 [ 73.  16.  63.]
 [ 62.  49.   7.]
 [ 78.  81.  33.]
 [ 63.  73.  31.]
 [ 95.  87. 109.]
 [ 26. 105.  46.]
 [ 65.  27.  24.]
 [ 87.  92.  77.]
 [ 22.  86.  24.]
 [ 41.  39.  13.]
 [ 77.  60.  37.]
 [ 67.   7.  54.]
 [ 29.  75.  92.]
 [ 38.  35.  47.]
 [  8.  12.   6.]
 [  2.  78.  72.]
 [ 26.  93.  54.]
 [  2.   3.  45.]
 [ 19.  61.  70.]
 [ 36.  85. 109.]
 [ 40.  57. 108.]]
