[[-6.92635822e-01  2.22745745e+00 -1.78741161e-01  2.26312847e-01
   2.10068352e-01 -1.17864257e+00 -4.82327614e-01 -1.46186906e+00
   4.46937423e-01 -6.45860181e-01]
 [-6.92635822e-01 -1.40104434e-01  9.90799767e-01 -9.07033378e-01
   4.32740806e-01  1.13498914e+00 -1.09097913e+00 -2.09694333e+00
   1.02468580e+00  7.54880059e-01]
 [ 9.12011581e-02  1.82744913e-01 -8.80465717e-01 -1.37926097e+00
   2.10068352e-01  5.56581212e-01 -1.09097913e+00 -8.26794797e-01
   4.46937423e-01  5.79787529e-01]
 [ 6.13759145e-01 -1.86196762e+00 -8.80465717e-01 -7.18142341e-01
  -1.26041011e-02  5.56581212e-01 -4.82327614e-01 -1.91720533e-01
  -1.28630771e+00 -2.95675121e-01]
 [ 1.39759613e+00  2.90361362e-01  1.45861614e+00 -8.12587860e-01
   3.21404579e-01  5.56581212e-01  1.34362692e+00  4.43353732e-01
   4.46937423e-01  1.51361436e+00]
 [-1.70077835e-01 -5.70570230e-01 -6.46557531e-01  5.09649403e-01
  -1.26041011e-02  1.13498914e+00  1.34362692e+00 -1.91720533e-01
   1.02468580e+00 -2.95675121e-01]
 [ 8.75038139e-01 -3.55337332e-01  5.51670249e-02  6.04094922e-01
   4.32740806e-01 -6.00234641e-01 -4.82327614e-01  1.07842800e+00
   1.02468580e+00 -6.22184147e-02]
 [ 6.13759145e-01 -1.10865247e+00 -1.11437390e+00 -1.51469228e-01
   9.87321256e-02  5.56581212e-01 -4.82327614e-01  1.07842800e+00
   4.46937423e-01 -2.95675121e-01]
 [-6.92635822e-01  1.25890940e+00 -1.78741161e-01 -3.40360266e-01
   2.10068352e-01 -1.75705049e+00  7.34975411e-01 -8.26794797e-01
  -1.28630771e+00  1.16342930e+00]
 [ 8.75038139e-01 -3.24879846e-02 -2.28391483e+00  8.87431478e-01
   3.21404579e-01 -6.00234641e-01 -1.09097913e+00 -8.26794797e-01
  -1.30810953e-01  4.63059175e-01]
 [ 9.12011581e-02 -3.24879846e-02  1.45861614e+00 -9.07033378e-01
   4.32740806e-01  1.13498914e+00  7.34975411e-01 -1.91720533e-01
   1.02468580e+00 -5.29131828e-01]
 [ 6.13759145e-01 -6.78186679e-01 -4.12649346e-01  1.31867328e-01
  -1.26041011e-02  1.13498914e+00 -1.09097913e+00  1.07842800e+00
  -1.86405608e+00  1.12874115e-01]
 [ 9.12011581e-02  1.25890940e+00  5.51670249e-02 -3.40360266e-01
  -1.26041011e-02  1.13498914e+00 -1.09097913e+00 -1.91720533e-01
  -1.28630771e+00  6.38151705e-01]
 [-6.92635822e-01 -1.00103603e+00  2.89075210e-01  1.64299563e+00
  -1.26041011e-02  1.13498914e+00  7.34975411e-01 -1.91720533e-01
  -1.30810953e-01  1.16342930e+00]
 [ 3.52480152e-01 -3.24879846e-02  5.51670249e-02 -9.07033378e-01
  -3.46612781e-01  1.13498914e+00  1.34362692e+00 -1.91720533e-01
   4.46937423e-01  1.71238292e-01]
 [ 6.13759145e-01  7.20827159e-01  2.89075210e-01  6.04094922e-01
  -2.35276555e-01  5.56581212e-01 -1.69963064e+00  1.07842800e+00
   1.02468580e+00 -3.54039298e-01]
 [-6.92635822e-01  1.47414230e+00 -1.34828209e+00  9.81876997e-01
  -1.26041011e-02 -1.75705049e+00  1.26323899e-01  1.07842800e+00
   1.60243418e+00  6.38151705e-01]
 [ 8.75038139e-01  3.97977812e-01  9.90799767e-01  1.31867328e-01
  -1.26041011e-02 -2.18267142e-02 -1.09097913e+00 -1.46186906e+00
  -7.08559329e-01 -2.51351383e+00]
 [-1.21519381e+00 -2.07720052e+00  5.22983396e-01 -2.45914747e-01
  -1.23940328e-01  5.56581212e-01 -1.09097913e+00  1.07842800e+00
  -1.28630771e+00 -1.20582591e-01]
 [ 8.75038139e-01  2.90361362e-01  5.22983396e-01  2.26312847e-01
  -1.26041011e-02 -1.75705049e+00  1.34362692e+00  1.07842800e+00
  -1.30810953e-01  6.38151705e-01]
 [-9.53914816e-01 -1.40104434e-01  5.22983396e-01 -5.70237095e-02
  -3.46612781e-01 -6.00234641e-01  1.34362692e+00  1.07842800e+00
  -7.08559329e-01 -2.37310945e-01]
 [-1.21519381e+00 -1.43150182e+00  2.89075210e-01  2.26312847e-01
   9.87321256e-02 -1.17864257e+00 -1.09097913e+00  1.07842800e+00
   4.46937423e-01 -2.51351383e+00]
 [-1.70077835e-01 -2.18481697e+00 -4.12649346e-01  3.74218093e-02
   4.32740806e-01 -6.00234641e-01  1.34362692e+00  4.43353732e-01
  -7.08559329e-01 -2.37310945e-01]
 [ 3.52480152e-01  5.05594261e-01  1.45861614e+00 -5.29251303e-01
   2.10068352e-01  5.56581212e-01  1.26323899e-01  4.43353732e-01
   4.46937423e-01  5.45099386e-02]
 [-1.47647280e+00  5.05594261e-01  5.51670249e-02  3.74218093e-02
   2.10068352e-01 -1.75705049e+00 -1.09097913e+00  1.07842800e+00
  -1.28630771e+00  4.04694999e-01]
 [-1.70077835e-01 -2.72289921e+00  2.89075210e-01  1.31867328e-01
  -1.26041011e-02 -1.75705049e+00  1.26323899e-01  1.07842800e+00
   1.02468580e+00  2.29602469e-01]
 [ 3.52480152e-01  1.82744913e-01  7.56891581e-01 -3.40360266e-01
  -1.26041011e-02 -1.17864257e+00  1.26323899e-01 -1.46186906e+00
  -1.86405608e+00  3.46330822e-01]
 [ 3.52480152e-01 -1.32388537e+00  5.22983396e-01  6.04094922e-01
   3.21404579e-01 -6.00234641e-01  1.26323899e-01 -1.91720533e-01
  -1.30810953e-01  1.71238292e-01]
 [ 2.70399109e+00  1.25890940e+00  1.22470795e+00  7.92985960e-01
   2.10068352e-01  1.13498914e+00 -4.82327614e-01 -8.26794797e-01
  -7.08559329e-01 -7.04224358e-01]
 [ 1.65887512e+00  9.36060057e-01 -4.12649346e-01  3.20758366e-01
   3.21404579e-01 -2.18267142e-02  1.34362692e+00 -8.26794797e-01
  -1.28630771e+00  6.96515882e-01]
 [ 9.12011581e-02 -3.24879846e-02 -1.34828209e+00 -6.47931899e+00
   9.87321256e-02  5.56581212e-01  1.34362692e+00  1.07842800e+00
  -1.28630771e+00  2.87966645e-01]
 [ 1.13631713e+00 -5.70570230e-01 -1.78741161e-01 -2.45914747e-01
   4.32740806e-01  1.13498914e+00 -1.69963064e+00 -8.26794797e-01
  -7.08559329e-01 -1.20582591e-01]
 [ 3.52480152e-01  1.25890940e+00 -8.80465717e-01 -5.70237095e-02
   2.10068352e-01  5.56581212e-01  7.34975411e-01  4.43353732e-01
   1.02468580e+00  6.38151705e-01]
 [-6.92635822e-01 -1.53911827e+00 -1.34828209e+00  4.15203884e-01
   2.10068352e-01  1.13498914e+00  1.26323899e-01 -1.46186906e+00
  -1.28630771e+00  1.22179347e+00]
 [ 8.75038139e-01  3.97977812e-01  2.89075210e-01 -1.28481545e+00
   2.10068352e-01 -6.00234641e-01  7.34975411e-01  1.07842800e+00
  -1.30810953e-01  1.71238292e-01]
 [-1.47647280e+00 -4.62953781e-01  2.89075210e-01 -8.12587860e-01
   2.10068352e-01 -6.00234641e-01  1.26323899e-01 -1.46186906e+00
   1.60243418e+00  9.29972589e-01]
 [ 1.39759613e+00  2.90361362e-01  1.22470795e+00 -6.23696822e-01
   2.10068352e-01  5.56581212e-01  1.26323899e-01 -1.91720533e-01
  -7.08559329e-01  2.87966645e-01]
 [-6.92635822e-01 -3.24879846e-02 -1.78741161e-01  1.54855011e+00
  -1.26041011e-02  5.56581212e-01 -4.82327614e-01  1.07842800e+00
  -1.30810953e-01 -7.04224358e-01]
 [-4.31356829e-01  1.82744913e-01  1.45861614e+00 -1.00147890e+00
  -1.23940328e-01 -2.18267142e-02  1.34362692e+00 -8.26794797e-01
   4.46937423e-01 -1.20582591e-01]
 [ 8.75038139e-01  3.97977812e-01  1.45861614e+00  7.92985960e-01
  -1.26041011e-02  1.13498914e+00  1.26323899e-01  1.07842800e+00
  -7.08559329e-01 -1.78946768e-01]
 [ 6.13759145e-01  1.04367651e+00  2.89075210e-01 -1.28481545e+00
  -1.26041011e-02 -6.00234641e-01 -4.82327614e-01 -1.46186906e+00
   4.46937423e-01  8.71608412e-01]
 [ 9.12011581e-02  7.51284644e-02 -6.46557531e-01  2.26312847e-01
   2.10068352e-01 -1.17864257e+00  1.26323899e-01 -2.09694333e+00
  -1.30810953e-01  8.13244235e-01]
 [ 3.52480152e-01 -1.64673472e+00 -6.46557531e-01 -1.51469228e-01
   3.21404579e-01  5.56581212e-01 -4.82327614e-01  4.43353732e-01
   4.46937423e-01  5.21423352e-01]
 [ 1.39759613e+00 -6.78186679e-01  1.22470795e+00  4.15203884e-01
   2.10068352e-01 -2.18267142e-02 -4.82327614e-01 -1.91720533e-01
   1.60243418e+00  1.33852183e+00]
 [ 8.75038139e-01 -3.55337332e-01  5.22983396e-01  1.07632252e+00
  -4.57949008e-01 -2.18267142e-02 -1.09097913e+00 -8.26794797e-01
  -1.86405608e+00  5.79787529e-01]
 [-6.92635822e-01 -3.55337332e-01  9.90799767e-01 -5.29251303e-01
   9.87321256e-02  1.13498914e+00 -1.09097913e+00 -1.46186906e+00
  -7.08559329e-01  1.28015765e+00]
 [ 3.52480152e-01 -1.40104434e-01  5.51670249e-02  9.81876997e-01
   2.10068352e-01  1.13498914e+00 -1.09097913e+00  1.07842800e+00
   4.46937423e-01 -2.95675121e-01]
 [ 9.12011581e-02  1.58175875e+00 -6.46557531e-01 -5.29251303e-01
   9.87321256e-02 -1.17864257e+00 -1.09097913e+00  1.07842800e+00
  -1.30810953e-01 -2.22169295e+00]
 [ 1.13631713e+00 -3.55337332e-01 -4.12649346e-01 -2.45914747e-01
   9.87321256e-02  1.13498914e+00 -4.82327614e-01  1.07842800e+00
  -7.08559329e-01  3.46330822e-01]
 [-4.31356829e-01  7.20827159e-01  7.56891581e-01 -3.40360266e-01
   4.32740806e-01 -1.75705049e+00  1.34362692e+00 -1.91720533e-01
  -7.08559329e-01 -3.54039298e-01]
 [ 3.52480152e-01  1.47414230e+00 -4.12649346e-01  3.74218093e-02
  -1.23940328e-01  5.56581212e-01  1.26323899e-01 -1.46186906e+00
   4.46937423e-01  5.21423352e-01]
 [ 9.12011581e-02 -3.24879846e-02  7.56891581e-01 -8.12587860e-01
  -2.35276555e-01 -1.17864257e+00  1.26323899e-01 -1.91720533e-01
  -1.30810953e-01  5.45099386e-02]
 [ 3.52480152e-01 -1.21626892e+00 -1.78741161e-01 -8.12587860e-01
  -2.35276555e-01 -1.75705049e+00 -1.09097913e+00  4.43353732e-01
  -1.86405608e+00  9.29972589e-01]
 [ 9.12011581e-02 -6.78186679e-01  9.90799767e-01  6.98540441e-01
   2.10068352e-01 -1.17864257e+00  1.34362692e+00  4.43353732e-01
  -7.08559329e-01  2.87966645e-01]
 [ 1.13631713e+00 -3.24879846e-02  9.90799767e-01 -1.19036993e+00
   9.87321256e-02 -2.18267142e-02  1.34362692e+00  4.43353732e-01
   1.02468580e+00 -5.29131828e-01]
 [-9.53914816e-01  2.90361362e-01 -1.58219027e+00  6.04094922e-01
   2.10068352e-01  1.13498914e+00 -1.09097913e+00  1.07842800e+00
   4.46937423e-01  6.96515882e-01]
 [ 9.12011581e-02 -5.70570230e-01  2.89075210e-01  5.09649403e-01
  -1.26041011e-02 -2.18267142e-02  1.26323899e-01  1.07842800e+00
   4.46937423e-01  1.10506512e+00]
 [-9.53914816e-01  7.51284644e-02 -1.78741161e-01 -2.45914747e-01
  -2.35276555e-01 -6.00234641e-01  7.34975411e-01  4.43353732e-01
   1.60243418e+00  7.54880059e-01]
 [-6.92635822e-01  7.20827159e-01  7.56891581e-01  8.87431478e-01
  -2.35276555e-01  5.56581212e-01 -1.09097913e+00  4.43353732e-01
   1.02468580e+00 -5.87496005e-01]
 [ 3.52480152e-01  5.05594261e-01  2.89075210e-01  1.31867328e-01
   9.87321256e-02 -1.17864257e+00 -4.82327614e-01  1.07842800e+00
   4.46937423e-01  1.71238292e-01]
 [ 9.12011581e-02  5.05594261e-01  5.22983396e-01  1.31867328e-01
   3.21404579e-01  1.13498914e+00  1.34362692e+00 -1.46186906e+00
  -7.08559329e-01 -3.85423808e-03]
 [ 8.75038139e-01  8.28443608e-01  2.89075210e-01  7.92985960e-01
   5.44077032e-01  5.56581212e-01 -1.09097913e+00  1.07842800e+00
  -1.30810953e-01  6.38151705e-01]
 [ 3.52480152e-01 -1.00103603e+00  7.56891581e-01  2.26312847e-01
  -1.26041011e-02 -6.00234641e-01  7.34975411e-01  1.07842800e+00
   4.46937423e-01  1.10506512e+00]
 [ 9.12011581e-02  7.20827159e-01 -8.80465717e-01 -1.51469228e-01
  -1.23940328e-01  1.13498914e+00 -1.09097913e+00 -8.26794797e-01
  -1.28630771e+00 -2.33842130e+00]
 [ 1.65887512e+00 -3.24879846e-02 -4.12649346e-01  7.92985960e-01
   9.87321256e-02 -1.17864257e+00 -1.09097913e+00  1.07842800e+00
  -7.08559329e-01  4.63059175e-01]
 [ 1.39759613e+00  7.51284644e-02 -2.75173120e+00  3.74218093e-02
  -1.26041011e-02  1.13498914e+00 -1.69963064e+00  1.07842800e+00
  -1.30810953e-01  5.79787529e-01]
 [-1.99903079e+00  1.36652585e+00 -1.78741161e-01 -2.45914747e-01
   3.21404579e-01  5.56581212e-01 -4.82327614e-01  1.07842800e+00
  -7.08559329e-01  1.71238292e-01]
 [-1.47647280e+00  1.25890940e+00 -1.11437390e+00  8.87431478e-01
  -4.57949008e-01  5.56581212e-01 -4.82327614e-01  4.43353732e-01
   1.60243418e+00 -3.54039298e-01]
 [-4.31356829e-01  6.13210710e-01  1.45861614e+00 -5.70237095e-02
  -2.35276555e-01  5.56581212e-01 -1.09097913e+00 -1.91720533e-01
   1.02468580e+00 -4.12403475e-01]
 [-6.92635822e-01  1.04367651e+00 -6.46557531e-01 -3.40360266e-01
   3.21404579e-01  1.13498914e+00  1.26323899e-01 -8.26794797e-01
   1.02468580e+00 -1.78946768e-01]
 [ 8.75038139e-01 -8.93419577e-01 -1.11437390e+00 -2.45914747e-01
  -2.35276555e-01  1.13498914e+00  1.34362692e+00 -1.46186906e+00
  -7.08559329e-01  6.38151705e-01]
 [-1.21519381e+00 -1.40104434e-01 -8.80465717e-01  3.74218093e-02
   3.21404579e-01  5.56581212e-01 -1.69963064e+00  1.07842800e+00
  -1.28630771e+00  4.04694999e-01]
 [ 1.13631713e+00 -1.32388537e+00 -6.46557531e-01  5.09649403e-01
   3.21404579e-01  5.56581212e-01 -4.82327614e-01 -2.09694333e+00
  -1.30810953e-01 -7.04224358e-01]
 [-1.70077835e-01  5.05594261e-01  2.89075210e-01  3.20758366e-01
   4.32740806e-01  1.13498914e+00  1.26323899e-01  4.43353732e-01
   4.46937423e-01  6.38151705e-01]
 [-6.92635822e-01  8.28443608e-01  5.51670249e-02  1.31867328e-01
   2.10068352e-01 -1.75705049e+00  1.34362692e+00  4.43353732e-01
   1.02468580e+00 -6.22184147e-02]
 [-1.70077835e-01 -1.21626892e+00 -6.46557531e-01  1.35965907e+00
   3.21404579e-01  1.13498914e+00 -1.09097913e+00 -1.46186906e+00
   1.60243418e+00  5.21423352e-01]
 [ 3.52480152e-01  9.36060057e-01 -2.05000664e+00  1.83188667e+00
   3.21404579e-01  5.56581212e-01  7.34975411e-01  4.43353732e-01
   1.02468580e+00 -7.04224358e-01]
 [ 9.12011581e-02  8.28443608e-01 -1.78741161e-01  5.09649403e-01
  -1.23940328e-01 -1.17864257e+00  1.26323899e-01  4.43353732e-01
   4.46937423e-01  4.04694999e-01]
 [-9.53914816e-01  1.68937520e+00 -1.78741161e-01 -3.40360266e-01
   4.32740806e-01  1.13498914e+00 -1.09097913e+00 -1.46186906e+00
  -7.08559329e-01  3.46330822e-01]
 [-2.26030978e+00  6.13210710e-01 -6.46557531e-01 -7.18142341e-01
  -9.92152828e+00 -2.18267142e-02  1.34362692e+00 -1.46186906e+00
  -1.30810953e-01 -6.22184147e-02]
 [-1.70077835e-01 -1.10865247e+00  5.22983396e-01 -2.41816168e+00
  -1.26041011e-02 -6.00234641e-01 -4.82327614e-01  4.43353732e-01
   1.60243418e+00 -1.20582591e-01]
 [ 9.12011581e-02 -5.70570230e-01  2.89075210e-01  1.45410459e+00
  -1.26041011e-02 -1.17864257e+00  7.34975411e-01  4.43353732e-01
  -1.28630771e+00 -3.54039298e-01]
 [-9.53914816e-01 -1.75435117e+00 -4.12649346e-01 -1.19036993e+00
  -1.26041011e-02 -1.17864257e+00  1.34362692e+00 -1.91720533e-01
  -1.28630771e+00 -2.37310945e-01]
 [ 6.13759145e-01  1.15129295e+00  7.56891581e-01  4.15203884e-01
  -2.35276555e-01 -2.18267142e-02  7.34975411e-01  1.07842800e+00
  -1.28630771e+00  4.04694999e-01]
 [ 8.75038139e-01  5.05594261e-01 -8.80465717e-01 -3.40360266e-01
  -1.23940328e-01 -1.75705049e+00  1.34362692e+00  1.07842800e+00
   1.60243418e+00 -3.44734066e+00]
 [-2.26030978e+00 -6.78186679e-01  2.89075210e-01  4.15203884e-01
  -1.23940328e-01  1.13498914e+00  1.34362692e+00 -1.91720533e-01
  -1.30810953e-01  2.87966645e-01]
 [ 6.13759145e-01  1.58175875e+00 -1.78741161e-01  8.87431478e-01
   3.21404579e-01 -6.00234641e-01 -4.82327614e-01  1.07842800e+00
   1.02468580e+00 -7.04224358e-01]
 [-1.47647280e+00  5.05594261e-01 -2.05000664e+00  1.45410459e+00
   2.10068352e-01  1.13498914e+00 -1.09097913e+00 -8.26794797e-01
   4.46937423e-01  2.29602469e-01]
 [ 1.39759613e+00  2.90361362e-01 -8.80465717e-01  6.98540441e-01
  -1.23940328e-01  1.13498914e+00  1.34362692e+00 -1.46186906e+00
  -7.08559329e-01 -6.22184147e-02]
 [-6.92635822e-01  8.28443608e-01  5.22983396e-01  3.20758366e-01
  -1.26041011e-02 -6.00234641e-01  1.34362692e+00 -8.26794797e-01
   4.46937423e-01 -3.15551978e+00]
 [-9.53914816e-01  1.58175875e+00  2.62815706e+00  3.20758366e-01
   3.21404579e-01 -1.17864257e+00 -1.09097913e+00 -1.91720533e-01
  -1.86405608e+00 -6.22184147e-02]
 [ 3.52480152e-01 -2.50766631e+00 -1.78741161e-01 -7.18142341e-01
  -5.69285235e-01 -1.17864257e+00  1.34362692e+00  1.07842800e+00
   4.46937423e-01  7.54880059e-01]
 [-4.31356829e-01  5.05594261e-01  1.45861614e+00  3.20758366e-01
   2.10068352e-01 -1.75705049e+00  1.34362692e+00  4.43353732e-01
   1.60243418e+00 -2.04660042e+00]
 [-1.99903079e+00 -2.47720883e-01 -1.58219027e+00  7.92985960e-01
   2.10068352e-01  5.56581212e-01  1.34362692e+00  1.07842800e+00
  -7.08559329e-01  5.21423352e-01]
 [-9.53914816e-01 -8.93419577e-01 -4.12649346e-01  6.04094922e-01
   4.32740806e-01  1.13498914e+00 -4.82327614e-01  1.07842800e+00
  -1.86405608e+00 -3.85588990e+00]
 [-3.30542576e+00 -2.47720883e-01  5.22983396e-01 -6.23696822e-01
   2.10068352e-01 -1.17864257e+00  1.34362692e+00 -1.91720533e-01
   1.02468580e+00  1.16342930e+00]
 [ 2.18143311e+00 -2.47720883e-01 -4.12649346e-01  6.04094922e-01
  -1.23940328e-01 -6.00234641e-01 -1.09097913e+00  4.43353732e-01
   4.46937423e-01  8.13244235e-01]
 [-6.92635822e-01 -1.96958407e+00 -1.78741161e-01  2.11522322e+00
   4.32740806e-01 -6.00234641e-01  7.34975411e-01 -1.46186906e+00
   4.46937423e-01 -4.70767651e-01]
 [ 9.12011581e-02 -1.40104434e-01  1.45861614e+00 -4.34805785e-01
  -1.23940328e-01  5.56581212e-01  1.26323899e-01 -8.26794797e-01
  -1.28630771e+00  1.51361436e+00]
 [-9.53914816e-01 -1.40104434e-01  1.92643251e+00  8.87431478e-01
   3.21404579e-01  1.13498914e+00  7.34975411e-01  1.07842800e+00
   1.60243418e+00  6.38151705e-01]
 [ 1.39759613e+00 -1.40104434e-01 -2.05000664e+00 -5.70237095e-02
   2.10068352e-01  1.13498914e+00 -4.82327614e-01 -1.46186906e+00
   1.60243418e+00 -5.29131828e-01]
 [ 9.12011581e-02  1.90460810e+00  2.89075210e-01 -1.56815201e+00
  -1.26041011e-02 -1.17864257e+00 -1.09097913e+00  4.43353732e-01
  -1.28630771e+00  6.96515882e-01]
 [-9.53914816e-01 -7.85803128e-01 -4.12649346e-01 -9.07033378e-01
   3.21404579e-01 -2.18267142e-02 -1.69963064e+00 -2.09694333e+00
   1.02468580e+00  2.29602469e-01]
 [ 3.52480152e-01 -5.70570230e-01 -1.34828209e+00 -5.70237095e-02
  -2.35276555e-01  1.13498914e+00 -1.09097913e+00 -1.91720533e-01
   4.46937423e-01 -2.16332877e+00]
 [ 6.13759145e-01 -3.24879846e-02 -6.46557531e-01 -3.40360266e-01
  -1.26041011e-02 -6.00234641e-01  7.34975411e-01  4.43353732e-01
  -1.30810953e-01 -2.95675121e-01]
 [ 6.13759145e-01 -1.40104434e-01  2.86206525e+00 -2.45914747e-01
   2.10068352e-01 -6.00234641e-01  1.34362692e+00 -1.91720533e-01
   4.46937423e-01 -4.70767651e-01]]